[[3.02223157e-06 1.06717423e-04 4.59236162e-06 ... 5.20574569e-04
  4.59173752e-05 1.28449081e-02]
 [1.33040703e-06 2.27191398e-04 2.16733188e-05 ... 1.54702459e-04
  3.82464677e-05 4.23144607e-04]
 [4.10904358e-05 3.73021271e-06 2.35987955e-05 ... 5.47667105e-06
  2.14539206e-04 6.24539962e-06]
 ...
 [1.80859911e-06 1.15989394e-07 7.48943494e-05 ... 1.97652002e-06
  1.85293378e-04 3.11672891e-04]
 [6.93662469e-06 9.32567218e-06 1.14112140e-06 ... 1.30328559e-03
  7.25457212e-05 2.86631639e-05]
 [1.13146498e-05 3.20295694e-05 3.28716742e-05 ... 1.11160814e-04
  2.39911333e-05 6.79138349e-04]]