[[9.47755052e-06 8.56892366e-05 9.65588333e-06 ... 1.11795540e-04
  6.90101515e-05 3.53792029e-06]
 [9.08793008e-05 5.02721959e-05 5.83653673e-06 ... 1.09199507e-04
  2.50745779e-05 2.95824593e-05]
 [4.54840556e-05 1.10561787e-05 4.06406652e-05 ... 4.44147445e-05
  1.32845316e-05 8.00870985e-05]
 ...
 [1.93171741e-06 2.09141235e-05 1.72303102e-04 ... 1.47649742e-04
  4.07188891e-05 1.24538623e-04]
 [4.44620400e-06 4.68925327e-06 8.26391079e-06 ... 4.10922257e-05
  4.80295603e-06 1.44583046e-05]
 [1.63541463e-05 8.69828000e-06 7.75323497e-06 ... 2.16492132e-04
  1.25707575e-05 9.61481328e-06]]